B20  (1468,2424)
Sea Zone 76  (758,2492)  (710,2510)  (710,2462)  (806,2446)  (806,2494)  (854,2448)
Sea Zone 77  (927,2500)  (975,2508)  (1064,2510)
Sea Zone 74  (1204,2343)
Sea Zone 75  (1697,2309)
Sea Zone 78  (1349,2485)  (1301,2510)  (1397,2466)  (1253,2510)  (1445,2451)  (1445,2499)  (1493,2446)  (1493,2494)
Sea Zone 79  (1608,2462)  (1608,2510)  (1656,2428)  (1656,2476)
Sea Zone 80  (2430,1875)  (2478,1915)  (2479,1831)  (2526,1915)
Sea Zone 1  (714,475)  (715,523)  (701,427)
Sea Zone 2  (787,401)  (905,401)
IR2  (1042,1915)  (1036,1963)  (1015,1867)  (1063,1867)  (1090,1922)
IR1  (937,1930)  (941,1882)
IR4  (989,2079)  (1007,2031)  (1037,2079)
IR3  (858,2039)  (810,2049)  (905,2087)  (824,1991)  (906,2036)
IR6  (955,2206)  (1003,2178)
IR5  (831,2240)
B1  (1015,1379)
B2  (1197,1392)  (1210,1440)  (1245,1347)  (1293,1489)  (1245,1505)
B3  (980,1463)
B4  (1065,1491)
B5  (981,1518)
B6  (1179,1571)  (1202,1619)  (1153,1523)  (1218,1667)  (1170,1667)
B7  (1291,1626)  (1324,1674)  (1298,1578)  (1346,1571)  (1276,1711)  (1346,1722)  (1366,1523)  (1392,1770)  (1344,1770)
B8  (1093,1637)
B9  (1074,1729)
Sea Zone 7  (1858,465)  (1905,513)  (1857,513)  (1853,417)  (1901,417)  (1906,465)  (1949,401)  (1953,513)  (1953,561)  (1954,449)
Sea Zone 8  (2058,456)  (2105,504)  (2057,504)  (2035,408)  (2083,408)  (2106,456)  (2131,401)  (2041,552)  (2154,449)  (2179,401)
Sea Zone 9  (2265,441)  (2313,401)  (2313,449)
Sea Zone 3  (979,472)  (1016,520)  (1010,424)
Sea Zone 4  (1120,429)  (1168,401)  (1216,401)  (1246,449)  (1264,401)  (1312,401)
Sea Zone 5  (1446,401)  (1494,401)  (1512,470)  (1542,401)  (1560,449)  (1590,401)  (1608,449)
Sea Zone 6  (1694,422)  (1741,470)  (1742,401)  (1789,449)  (1790,401)
Sea Zone 54  (1620,1797)  (1572,1844)  (1572,1796)  (1667,1845)  (1620,1749)  (1668,1749)  (1668,1797)  (1570,1748)  (1715,1845)
Sea Zone 55  (1856,1858)  (1808,1905)  (1808,1857)  (1903,1906)  (1904,1819)  (1951,1867)  (1952,1797)  (1999,1845)
Sea Zone 52  (2030,1623)  (2077,1671)  (2029,1671)  (2078,1587)  (2125,1635)  (2126,1575)  (2173,1624)
Sea Zone 53  (2481,1563)  (2528,1611)  (2464,1515)  (2512,1515)  (2529,1563)  (2559,1659)  (2511,1659)  (2464,1467)  (2463,1701)
Sea Zone 58  (710,1928)  (723,1976)  (758,1902)  (806,1906)
Sea Zone 59  (1119,1999)  (1129,2047)  (1158,1951)
Sea Zone 56  (2104,1773)  (2056,1788)  (2152,1727)  (2152,1775)
Sea Zone 57  (2223,1795)
Sea Zone 61  (1622,1979)  (1669,2027)  (1621,2027)  (1581,1931)  (1629,1931)  (1670,1979)  (1677,1924)  (1717,2027)  (1696,2075)  (1648,2075)  (1718,1972)  (1725,1921)
Sea Zone 62  (1828,2017)  (1780,2064)  (1875,2065)  (1857,1969)  (1876,2017)  (1905,1969)  (1923,2065)  (1924,2017)  (1953,1964)
IC1  (870,514)  (822,524)  (912,562)
Sea Zone 60  (1232,1989)  (1279,2037)  (1231,2037)  (1217,1941)  (1280,1979)  (1183,2049)
IC3  (1191,583)  (1205,631)  (1239,556)  (1287,534)  (1287,582)
IC2  (1025,619)  (1013,667)  (1073,598)  (965,681)  (917,726)
IC5  (1029,771)  (981,818)  (1038,819)  (1058,723)  (1077,771)  (1106,694)  (990,866)  (1125,742)  (942,887)
IC4  (1372,514)  (1391,466)  (1420,514)
IC7  (1483,646)  (1527,694)  (1479,694)  (1451,598)  (1499,598)  (1531,646)  (1510,742)
IC6  (1259,721)  (1211,768)  (1211,720)  (1270,769)  (1259,673)  (1307,673)  (1307,721)  (1355,625)  (1355,673)  (1355,721)  (1388,769)  (1403,708)
IC9  (1271,862)  (1258,910)  (1319,818)  (1319,866)  (1367,841)
IC8  (1122,901)  (1074,944)  (1169,949)  (1127,853)  (1170,901)
D10  (2236,2446)  (2188,2493)  (2280,2494)  (2240,2398)  (2284,2446)  (2288,2394)  (2336,2399)
D11  (2391,2489)  (2439,2496)
Sea Zone 65  (723,2139)  (749,2187)  (701,2187)  (701,2091)  (771,2116)
Sea Zone 66  (1114,2140)
Sea Zone 63  (2064,1910)  (2091,1958)  (2043,1958)  (2112,1872)  (2139,1920)  (2160,1858)
Sea Zone 64  (2233,1927)  (2273,1975)  (2225,1975)  (2228,1879)
Sea Zone 69  (1845,2184)  (1892,2232)  (1844,2232)  (1893,2140)  (1796,2273)  (1856,2280)  (1808,2321)
D1  (2331,1693)  (2283,1681)  (2360,1741)  (2312,1741)  (2331,1645)  (2379,1645)  (2379,1693)  (2335,1789)  (2328,1597)  (2376,1597)  (2378,1549)  (2518,1772)
Sea Zone 67  (1172,2194)  (1220,2178)  (1176,2114)
D2  (2380,1994)  (2332,2041)  (2337,1946)  (2428,1969)  (2428,2017)  (2339,1898)  (2476,2012)  (2524,2013)
Sea Zone 68  (1758,2161)  (1758,2209)
D3  (2036,2146)  (1988,2193)  (2083,2194)  (2078,2098)  (2084,2146)  (2035,2241)  (1987,2241)  (2083,2242)  (1939,2287)  (2022,2289)  (2196,2058)
D4  (2326,2122)  (2278,2132)  (2373,2170)  (2374,2106)  (2367,2218)  (2422,2088)
D5  (2486,2170)  (2533,2218)  (2485,2218)  (2496,2122)  (2534,2170)  (2544,2117)  (2437,2232)
D6  (2203,2249)  (2155,2296)  (2155,2248)  (2250,2297)  (2203,2201)  (2251,2211)  (2153,2200)  (2195,2344)  (2298,2259)  (2201,2153)
D7  (2466,2360)  (2418,2364)  (2418,2316)  (2513,2408)  (2466,2312)  (2514,2314)  (2370,2337)  (2559,2456)  (2511,2456)  (2559,2504)
D8  (1793,2455)  (1745,2502)  (1745,2454)  (1840,2503)  (1793,2407)  (1841,2407)  (1841,2455)  (1888,2503)  (1889,2368)  (1889,2416)  (1937,2353)
Sea Zone 72  (926,2354)  (878,2356)  (936,2402)  (943,2306)  (991,2289)  (1039,2260)
D9  (2020,2444)  (1972,2491)  (1972,2443)  (2067,2492)  (2020,2396)  (2068,2396)  (2068,2444)  (2027,2348)  (2116,2395)  (2116,2443)
Sea Zone 73  (1050,2387)  (1002,2434)  (1097,2435)  (1064,2339)  (1098,2387)  (1112,2325)
Sea Zone 70  (2039,2045)  (2087,2036)  (2135,2010)
Sea Zone 71  (715,2338)  (762,2386)  (714,2386)  (701,2290)
Sea Zone 38  (865,1514)  (872,1465)  (883,1562)  (891,1660)  (892,1610)  (913,1513)  (920,1422)  (931,1561)  (940,1609)  (968,1411)  (988,1565)  (988,1613)  (1016,1507)  (1036,1555)  (1041,1459)  (1064,1507)  (1085,1397)  (1099,1326)
Sea Zone 39  (1352,1373)  (1304,1420)  (1399,1421)  (1400,1370)
Sea Zone 32  (714,1274)  (761,1322)  (713,1322)  (701,1226)  (749,1226)  (762,1274)
Sea Zone 33  (887,1297)  (922,1345)  (874,1345)  (847,1249)  (895,1249)  (935,1297)  (859,1393)
Sea Zone 30  (1770,949)  (1743,901)  (1791,901)  (1818,949)  (1821,997)  (1839,880)
Sea Zone 31  (1925,1009)  (1959,1057)  (1912,961)
Sea Zone 36  (1939,1226)  (1986,1274)  (1938,1274)  (1944,1178)
Sea Zone 37  (739,1496)  (786,1544)  (738,1544)  (701,1448)  (749,1448)  (787,1496)  (797,1438)  (826,1592)  (778,1592)  (730,1592)  (701,1400)  (837,1640)  (789,1640)  (741,1640)  (797,1688)  (749,1688)  (701,1688)
Sea Zone 34  (1452,1244)  (1404,1273)  (1404,1225)  (1499,1292)  (1452,1196)  (1500,1201)  (1451,1321)  (1547,1249)  (1547,1297)  (1499,1340)  (1548,1201)  (1595,1249)  (1595,1297)  (1596,1194)
Sea Zone 35  (1737,1139)  (1689,1186)  (1689,1138)  (1784,1187)  (1737,1091)  (1785,1091)  (1785,1139)  (1832,1187)  (1833,1057)  (1833,1105)  (1880,1153)  (1881,1071)
Sea Zone 40  (1703,1325)  (1655,1370)  (1655,1322)  (1750,1373)  (1703,1277)  (1751,1277)  (1751,1325)  (1651,1274)  (1798,1373)  (1799,1255)  (1799,1303)  (1846,1351)  (1847,1255)  (1847,1303)  (1860,1399)
Sea Zone 49  (1440,1697)  (1483,1745)  (1488,1674)  (1483,1793)
N1  (2526,493)  (2478,540)  (2559,541)  (2536,445)  (2445,413)
N2  (2415,635)  (2367,664)  (2367,616)  (2462,683)  (2415,587)  (2463,589)  (2347,568)  (2319,619)  (2510,637)  (2510,685)  (2462,731)  (2512,733)  (2299,554)  (2558,597)  (2558,645)  (2464,779)
N3  (2102,787)  (2054,834)  (2054,786)  (2149,835)  (2111,739)  (2150,787)  (2159,730)  (2172,682)
N4  (2284,762)  (2236,763)  (2331,810)  (2244,714)  (2292,714)  (2332,762)  (2283,811)  (2379,810)
N5  (2070,1001)  (2048,953)  (2096,953)
Sea Zone 43  (1425,1591)  (1437,1543)  (1459,1495)
N6  (2198,1020)  (2150,1067)  (2202,1068)  (2193,972)  (2241,972)  (2289,978)  (2209,924)  (2257,924)  (2232,876)
Sea Zone 44  (1539,1464)  (1583,1512)  (1535,1512)  (1530,1416)  (1578,1416)  (1587,1464)
N7  (2351,1033)  (2303,1080)  (2347,985)  (2395,985)  (2399,1033)  (2297,1128)  (2341,937)  (2389,937)  (2249,1134)  (2327,889)  (2201,1170)
Sea Zone 41  (790,1791)  (742,1838)  (742,1790)  (837,1839)  (790,1743)  (838,1743)  (838,1791)  (886,1713)  (886,1761)  (934,1712)  (934,1760)
N8  (2510,965)  (2462,937)  (2557,1013)  (2509,1013)  (2510,917)  (2558,917)  (2558,965)  (2454,889)  (2461,1044)  (2502,869)  (2550,869)
Sea Zone 42  (1017,1680)  (1017,1770)  (1061,1631)  (1065,1679)  (1065,1784)  (1119,1827)
N9  (2113,1247)  (2065,1289)  (2150,1295)  (2128,1199)  (2099,1151)  (2152,1350)  (2049,1140)
Sea Zone 47  (2214,1477)  (2166,1438)  (2245,1525)  (2214,1429)  (2262,1461)  (2226,1573)  (2310,1487)
Sea Zone 48  (2351,1367)  (2303,1409)  (2398,1415)  (2355,1319)  (2399,1367)  (2403,1315)  (2447,1363)  (2434,1267)  (2451,1315)
Sea Zone 45  (1753,1523)  (1705,1554)  (1705,1506)  (1800,1571)  (1753,1475)  (1801,1475)  (1801,1523)  (1752,1602)  (1848,1571)  (1849,1453)  (1849,1501)  (1896,1565)
Sea Zone 46  (2005,1447)  (1957,1494)  (1957,1446)  (2052,1495)  (2005,1399)  (2053,1399)  (2053,1447)  (2100,1495)  (1997,1351)  (2101,1416)
Sea Zone 50  (1577,1625)  (1529,1595)  (1624,1673)  (1576,1673)  (1577,1577)  (1625,1577)  (1625,1625)  (1672,1673)
Sea Zone 51  (1808,1693)  (1760,1722)  (1855,1741)  (1856,1647)  (1807,1770)  (1903,1695)  (1903,1743)  (1904,1640)  (1951,1695)
Sea Zone 18  (1293,1000)  (1245,1029)  (1328,952)  (1376,939)  (1424,911)  (1424,959)
Sea Zone 19  (1515,858)  (1549,810)  (1597,776)
Sea Zone 16  (889,956)  (841,978)  (936,1004)  (937,948)  (984,996)
Sea Zone 17  (1059,1054)  (1106,1102)  (1058,1102)  (1037,1006)  (1107,1018)  (1154,1066)
Sea Zone 10  (723,685)  (720,733)  (771,645)  (819,631)
Sea Zone 11  (1562,542)  (1610,525)  (1621,719)
Sea Zone 14  (2039,637)  (2087,604)  (2164,549)
Sea Zone 15  (727,886)  (760,934)  (712,934)  (731,838)  (775,886)  (779,834)  (823,882)  (784,786)  (827,834)  (832,781)
Sea Zone 12  (1685,565)  (1733,534)  (1733,582)
Sea Zone 13  (1831,638)  (1879,628)  (1879,676)  (1927,644)
Sea Zone 29  (1582,944)  (1534,987)  (1590,992)  (1630,907)  (1638,955)  (1686,941)
B10  (1152,1760)
Sea Zone 27  (1235,1156)  (1282,1204)  (1258,1108)  (1283,1156)  (1306,1085)  (1330,1204)  (1330,1252)  (1282,1252)  (1331,1133)  (1354,1061)
B11  (1244,1821)  (1265,1869)
Sea Zone 28  (1482,1094)  (1434,1141)  (1529,1142)  (1464,1046)  (1530,1051)  (1577,1099)  (1623,1051)  (1625,1099)
B12  (1394,1896)  (1346,1934)  (1346,1886)  (1441,1944)  (1403,1848)  (1442,1896)  (1489,1944)
B13  (1313,2121)  (1265,2113)  (1357,2073)  (1356,2025)
B14  (1473,2071)  (1448,2023)  (1521,2055)  (1532,2103)
B15  (1283,2252)
B16  (1440,2247)  (1392,2262)  (1392,2214)  (1487,2295)  (1440,2199)  (1488,2199)  (1488,2247)  (1384,2166)  (1535,2295)  (1583,2297)
Sea Zone 21  (1677,685)  (1725,657)  (1725,705)
B17  (1632,2209)  (1584,2197)  (1653,2257)  (1643,2161)  (1680,2209)
Sea Zone 22  (1794,777)  (1783,729)  (1842,736)  (1842,784)
B18  (1272,2408)  (1320,2388)  (1368,2371)  (1416,2372)
B19  (1513,2374)  (1561,2373)  (1609,2370)
Sea Zone 20  (1664,832)  (1674,784)
Sea Zone 25  (887,1119)  (934,1167)  (886,1167)  (865,1071)  (913,1071)  (935,1119)
N10  (2244,1255)  (2281,1303)  (2233,1303)  (2292,1216)  (2231,1351)  (2340,1185)  (2371,1137)  (2388,1185)  (2419,1127)
Sea Zone 26  (1064,1210)  (1111,1258)  (1063,1258)  (1112,1182)  (1159,1230)  (1163,1278)
Sea Zone 23  (1917,841)  (1962,889)  (1914,889)  (1937,793)
Sea Zone 24  (745,1104)  (792,1152)  (744,1152)  (701,1056)  (749,1056)  (793,1104)  (797,1052)
N11  (2522,1200)  (2559,1248)  (2492,1152)  (2540,1152)  (2559,1296)  (2523,1104)  (2559,1344)